fx: 999.1569213867188
fy: 998.6375732421875
cx: 624.2554321289062
cy: 457.5029296875
