converged: true
initial_cost_per_obs: 4.575727879149745
final_cost_per_obs: 4.041899277265526
target_mount_to_target_pos:
  x: 0.5911263201676853
  y: 0.1143230531783515
  z: 0.02097402714652379
camera_mount_to_camera_pos:
  x: 0.1789167388284202
  y: 0.03050008674998877
  z: 0.1192758379575613
target_mount_to_target_rpy:
  x: 3.133205661805397
  y: 3.133682140925286
  z: 1.535944594465419
camera_mount_to_camera_rpy:
  x: 6.12956500768774e-06
  y: -0.006307111274546681
  z: 1.581904162722404